1 (systemd) S 0 1 1 0 -1 4194560 22538 458190 224 1317 106 70 4471 1590 20 0 1 0 6 175726592 4065 18446744073709551615 93988456054784 93988456098229 140723844777216 0 0 0 671173123 4096 1260 1 0 0 17 1 0 0 0 0 0 93988456124464 93988456128528 93988849192960 140723844779854 140723844779921 140723844779921 140723844779999 0
10 (mm_percpu_wq) I 2 0 0 0 -1 69238880 0 0 0 0 0 0 0 0 0 -20 1 0 6 0 0 18446744073709551615 0 0 0 0 0 0 0 2147483647 0 1 0 0 17 0 0 0 0 0 0 0 0 0 0 0 0 0 0
11 (rcu_tasks_kthread) I 2 0 0 0 -1 2129984 0 0 0 0 0 0 0 0 20 0 1 0 6 0 0 18446744073709551615 0 0 0 0 0 0 0 2147483647 0 1 0 0 17 0 0 0 0 0 0 0 0 0 0 0 0 0 0
12 (rcu_tasks_rude_kthread) I 2 0 0 0 -1 2129984 0 0 0 0 0 0 0 0 20 0 1 0 6 0 0 18446744073709551615 0 0 0 0 0 0 0 2147483647 0 1 0 0 17 1 0 0 0 0 0 0 0 0 0 0 0 0 0
122 (nvme-wq) I 2 0 0 0 -1 69238880 0 0 0 0 0 0 0 0 0 -20 1 0 16 0 0 18446744073709551615 0 0 0 0 0 0 0 2147483647 0 1 0 0 17 1 0 0 0 0 0 0 0 0 0 0 0 0 0
124 (nvme-reset-wq) I 2 0 0 0 -1 69238880 0 0 0 0 0 0 0 0 0 -20 1 0 16 0 0 18446744073709551615 0 0 0 0 0 0 0 2147483647 0 1 0 0 17 1 0 0 0 0 0 0 0 0 0 0 0 0 0
126 (nvme-delete-wq) I 2 0 0 0 -1 69238880 0 0 0 0 0 0 0 0 0 -20 1 0 16 0 0 18446744073709551615 0 0 0 0 0 0 0 2147483647 0 1 0 0 17 0 0 0 0 0 0 0 0 0 0 0 0 0 0
1292 (systemd-udevd) S 1 1292 1292 0 -1 4194560 2349 20801 5 168 5 6 45 17 20 0 1 0 454 32784384 2843 18446744073709551615 94189827104768 94189827373145 140729558541632 0 0 0 81923 4096 0 1 0 0 17 0 0 0 0 0 0 94189827484720 94189827612856 94189917024256 140729558548115 140729558548146 140729558548146 140729558548441 0
13 (rcu_tasks_trace_kthread) I 2 0 0 0 -1 2129984 0 0 0 0 0 0 0 0 20 0 1 0 6 0 0 18446744073709551615 0 0 0 0 0 0 0 2147483647 0 1 0 0 17 0 0 0 0 0 0 0 0 0 0 0 0 0 0
1323 (systemd-resolve) S 1 1323 1323 0 -1 4194560 1756 0 56 0 4 4 0 0 20 0 1 0 470 23060480 3753 18446744073709551615 94804188729344 94804189090817 140735223743792 0 0 0 18946 4096 0 1 0 0 17 1 0 0 0 0 0 94804189230384 94804189245504 94805186359296 140735223746206 140735223746240 140735223746240 140735223746518 0
1327 (auditd) S 1 1327 1327 0 -1 4194624 78 0 3 0 2 0 0 0 16 -4 2 0 480 21598208 571 18446744073709551615 94063005589504 94063005672081 140724621156672 0 0 0 0 2147005694 215553 0 0 0 17 0 0 0 0 0 0 94063005707856 94063005712440 94063170846720 140724621160230 140724621160243 140724621160243 140724621160427 0
1331 (rpciod) I 2 0 0 0 -1 69238880 0 0 0 0 0 0 0 0 0 -20 1 0 483 0 0 18446744073709551615 0 0 0 0 0 0 0 2147483647 0 1 0 0 17 0 0 0 0 0 0 0 0 0 0 0 0 0 0
1332 (xprtiod) I 2 0 0 0 -1 69238880 0 0 0 0 0 0 0 0 0 -20 1 0 483 0 0 18446744073709551615 0 0 0 0 0 0 0 2147483647 0 1 0 0 17 1 0 0 0 0 0 0 0 0 0 0 0 0 0
1394 (ena) I 2 0 0 0 -1 69238880 0 0 0 0 0 0 0 0 0 -20 1 0 501 0 0 18446744073709551615 0 0 0 0 0 0 0 2147483647 0 1 0 0 17 1 0 0 0 0 0 0 0 0 0 0 0 0 0
14 (ksoftirqd/0) S 2 0 0 0 -1 69238848 0 0 0 0 4 0 0 0 20 0 1 0 6 0 0 18446744073709551615 0 0 0 0 0 0 0 2147483647 0 1 0 0 17 0 0 0 0 0 0 0 0 0 0 0 0 0 0
1428 (irqbalance) S 1 1428 1428 0 -1 4194560 414 0 9 0 4 14 0 0 20 0 2 0 546 83361792 784 18446744073709551615 94297059561472 94297059597881 140734308721232 0 0 0 0 4096 18947 0 0 0 17 0 0 0 0 0 0 94297059613264 94297059615232 94297952886784 140734308728575 140734308728609 140734308728609 140734308728803 0
1430 (systemd-homed) S 1 1430 1430 0 -1 4194560 757 0 4 0 0 1 0 0 20 0 1 0 547 17223680 1975 18446744073709551615 94660788166656 94660788298393 140724491009184 0 0 0 81922 4096 0 1 0 0 17 0 0 0 0 0 0 94660788363056 94660788371504 94660811538432 140724491009780 140724491009811 140724491009811 140724491010009 0
1431 (systemd-logind) S 1 1431 1431 0 -1 4194560 1373 0 5 0 3 4 0 0 20 0 1 0 548 19107840 2486 18446744073709551615 94798279585792 94798279740089 140736710306800 0 0 0 81923 4096 0 1 0 0 17 0 0 0 0 0 0 94798279817232 94798279835704 94798633717760 140736710311469 140736710311501 140736710311501 140736710311896 0
1448 (dbus-broker-lau) S 1 1448 1448 0 -1 4194560 621 0 14 0 0 1 0 0 20 0 1 0 558 8646656 1012 18446744073709551615 94386008285184 94386008368005 140736573704528 0 0 0 81923 4096 0 1 0 0 17 0 0 0 0 0 0 94386008401680 94386008403984 94386880856064 140736573705874 140736573705925 140736573705925 140736573706204 0
1449 (systemd-network) S 1 1449 1449 0 -1 4194560 891 0 22 0 1 5 0 0 20 0 1 0 561 242454528 2420 18446744073709551615 94455307239424 94455308055537 140728127500128 0 0 0 18434 4096 0 1 0 0 17 0 0 0 0 0 0 94455308407664 94455308820648 94455650922496 140728127508060 140728127508094 140728127508094 140728127508438 0
1455 (dbus-broker) S 1448 1448 1448 0 -1 4194560 314 0 3 0 15 5 0 0 20 0 1 0 567 5476352 718 18446744073709551615 94584838168576 94584838319709 140721413468608 0 0 0 81923 4096 0 1 0 0 17 0 0 0 0 0 0 94584838383600 94584838389824 94585560555520 140721413471858 140721413472004 140721413472004 140721413472227 0
1461 (gssproxy) S 1 1461 1461 0 -1 4194368 194 0 2 0 0 8 0 0 20 0 6 0 584 288669696 897 18446744073709551615 94633140314112 94633140398065 140732201422992 0 0 0 0 0 86023 0 0 0 17 0 0 0 0 0 0 94633140421200 94633140424736 94633371381760 140732201430699 140732201430721 140732201430721 140732201431013 0
15 (rcu_preempt) I 2 0 0 0 -1 2129984 0 0 0 0 40 0 0 0 20 0 1 0 6 0 0 18446744073709551615 0 0 0 0 0 0 0 2147483647 0 1 0 0 17 1 0 0 0 0 0 0 0 0 0 0 0 0 0
1512 (amazon-ssm-agen) S 1 1512 1512 0 -1 4194560 4698 0 189 0 72 7 0 0 20 0 9 0 878 1269637120 4612 18446744073709551615 94336998297600 94337003914880 140727517093104 0 0 0 0 0 2143420159 0 0 0 17 0 0 0 0 0 0 94337012219904 94337012511024 94337350025216 140727517097764 140727517097790 140727517097790 140727517097950 0
1516 (sshd) S 1 1516 1516 0 -1 4194560 730 5236 12 26 1 0 7 9 20 0 1 0 886 14610432 2131 18446744073709551615 94524408750080 94524409336477 140726701430288 0 0 0 0 4096 81925 1 0 0 17 1 0 0 0 0 0 94524409646288 94524409661040 94524437262336 140726701432597 140726701432615 140726701432615 140726701432809 0
152 (mld) I 2 0 0 0 -1 69238880 0 0 0 0 0 0 0 0 0 -20 1 0 18 0 0 18446744073709551615 0 0 0 0 0 0 0 2147483647 0 1 0 0 17 1 0 0 0 0 0 0 0 0 0 0 0 0 0
1528 (agetty) S 1 1528 1528 1025 1528 4194560 174 0 2 0 0 0 0 0 20 0 1 0 895 226635776 262 18446744073709551615 94922143490048 94922143516069 140736466575216 0 0 0 0 6 0 1 0 0 17 0 0 0 0 0 0 94922143528944 94922143532236 94922991534080 140736466579257 140736466579300 140736466579300 140736466579435 0
153 (ipv6_addrconf) I 2 0 0 0 -1 69238880 0 0 0 0 0 0 0 0 0 -20 1 0 18 0 0 18446744073709551615 0 0 0 0 0 0 0 2147483647 0 1 0 0 17 1 0 0 0 0 0 0 0 0 0 0 0 0 0
1533 (agetty) S 1 1533 1533 1088 1533 4194560 189 0 0 0 0 0 0 0 20 0 1 0 898 226680832 262 18446744073709551615 94381212311552 94381212337573 140733256550800 0 0 0 0 6 0 1 0 0 17 1 0 0 0 0 0 94381212350448 94381212353740 94381944475648 140733256556306 140733256556375 140733256556375 140733256556523 0
1551 (chronyd) S 1 1550 1550 0 -1 4194624 141 0 3 0 3 16 0 0 20 0 1 0 949 88334336 733 18446744073709551615 94669534601216 94669534855617 140729855129952 0 0 0 0 4096 16391 1 0 0 17 1 0 0 0 0 0 94669534930640 94669534933672 94669665886208 140729855131370 140729855131393 140729855131393 140729855131622 0
1589 (containerd) S 1 1589 1589 0 -1 4194560 6620 210 15 0 1024 621 0 0 20 0 9 0 1102 1942155264 13976 18446744073709551615 94044344852480 94044365224313 140722946655760 0 0 0 1002055680 0 2143420159 0 0 0 17 0 0 0 0 0 0 94044368225200 94044389986042 94044999954432 140722946658062 140722946658082 140722946658082 140722946658276 0
16 (migration/0) S 2 0 0 0 -1 69238848 0 0 0 0 2 0 0 0 -100 0 1 0 6 0 0 18446744073709551615 0 0 0 0 0 0 0 2147483647 0 1 0 0 17 0 99 1 0 0 0 0 0 0 0 0 0 0 0
172 (kstrp) I 2 0 0 0 -1 69238880 0 0 0 0 0 0 0 0 0 -20 1 0 24 0 0 18446744073709551615 0 0 0 0 0 0 0 2147483647 0 1 0 0 17 0 0 0 0 0 0 0 0 0 0 0 0 0 0
18 (cpuhp/0) S 2 0 0 0 -1 69238848 0 0 0 0 0 0 0 0 20 0 1 0 6 0 0 18446744073709551615 0 0 0 0 0 0 0 2147483647 0 1 0 0 17 0 0 0 0 0 0 0 0 0 0 0 0 0 0
182 (zswap-shrink) I 2 0 0 0 -1 69238880 0 0 0 0 0 0 0 0 0 -20 1 0 26 0 0 18446744073709551615 0 0 0 0 0 0 0 2147483647 0 1 0 0 17 0 0 0 0 0 0 0 0 0 0 0 0 0 0
183 (kworker/u5:0) I 2 0 0 0 -1 69238880 0 0 0 0 0 0 0 0 0 -20 1 0 26 0 0 18446744073709551615 0 0 0 0 0 0 0 2147483647 0 1 0 0 17 1 0 0 0 0 0 0 0 0 0 0 0 0 0
1844 (systemd-userdbd) S 1 1844 1844 0 -1 4194560 992 19485 1 101 4 0 25 0 20 0 1 0 356628 16707584 1723 18446744073709551615 94751212126208 94751212133193 140735214186976 0 0 0 83970 4096 0 1 0 0 17 0 0 0 0 0 0 94751212141512 94751212142600 94751654506496 140735214190257 140735214190290 140735214190290 140735214190551 0
1866 (kworker/1:1-mm_percpu_wq) I 2 0 0 0 -1 69238880 0 0 0 0 0 10 0 0 20 0 1 0 356674 0 0 18446744073709551615 0 0 0 0 0 0 0 2147483647 0 1 0 0 17 1 0 0 0 0 0 0 0 0 0 0 0 0 0
19 (cpuhp/1) S 2 0 0 0 -1 69238848 0 0 0 0 0 0 0 0 20 0 1 0 6 0 0 18446744073709551615 0 0 0 0 0 0 0 2147483647 0 1 0 0 17 1 0 0 0 0 0 0 0 0 0 0 0 0 0
1993 (kworker/0:2-xfs-buf/nvme0n1p1) I 2 0 0 0 -1 69238880 0 0 0 0 3 0 0 0 20 0 1 0 508790 0 0 18446744073709551615 0 0 0 0 0 0 0 2147483647 0 1 0 0 17 0 0 0 0 0 0 0 0 0 0 0 0 0 0
2 (kthreadd) S 0 0 0 0 -1 2129984 0 0 0 0 0 0 0 0 20 0 1 0 6 0 0 18446744073709551615 0 0 0 0 0 0 0 2147483647 0 1 0 0 0 1 0 0 0 0 0 0 0 0 0 0 0 0 0
20 (migration/1) S 2 0 0 0 -1 69238848 0 0 0 0 5 2 0 0 -100 0 1 0 6 0 0 18446744073709551615 0 0 0 0 0 0 0 2147483647 0 1 0 0 17 1 99 1 0 0 0 0 0 0 0 0 0 0 0
2054 (kworker/1:3-events) I 2 0 0 0 -1 69238880 0 0 0 0 0 0 0 0 20 0 1 0 541154 0 0 18446744073709551615 0 0 0 0 0 0 0 2147483647 0 1 0 0 17 1 0 0 0 0 0 0 0 0 0 0 0 0 0
2055 (kubelet) S 1 2055 2055 0 -1 4194560 7805 77854 0 1 1177 925 287 35 20 0 11 0 541158 2113863680 19779 18446744073709551615 4194304 40289264 140730340615424 0 0 0 1002060288 0 2143420159 0 0 0 17 1 0 0 0 0 0 80822272 81674016 763072512 140730340616868 140730340617442 140730340617442 140730340618215 0
21 (ksoftirqd/1) S 2 0 0 0 -1 69238848 0 0 0 0 4 0 0 0 20 0 1 0 6 0 0 18446744073709551615 0 0 0 0 0 0 0 2147483647 0 1 0 0 17 1 0 0 0 0 0 0 0 0 0 0 0 0 0
2189 (kworker/u4:0-writeback) I 2 0 0 0 -1 69238880 0 0 0 0 0 1 0 0 20 0 1 0 713958 0 0 18446744073709551615 0 0 0 0 0 0 0 2147483647 0 1 0 0 17 1 0 0 0 0 0 0 0 0 0 0 0 0 0
2205 (kworker/u4:2-events_unbound) I 2 0 0 0 -1 69238880 0 0 0 0 1 0 0 0 20 0 1 0 744710 0 0 18446744073709551615 0 0 0 0 0 0 0 2147483647 0 1 0 0 17 1 0 0 0 0 0 0 0 0 0 0 0 0 0
2218 (kworker/0:0-events) I 2 0 0 0 -1 69238880 0 0 0 0 1 0 0 0 20 0 1 0 767478 0 0 18446744073709551615 0 0 0 0 0 0 0 2147483647 0 1 0 0 17 0 0 0 0 0 0 0 0 0 0 0 0 0 0
2223 (kworker/u4:1-writeback) I 2 0 0 0 -1 69238880 0 213 0 0 1 0 0 1 20 0 1 0 779510 0 0 18446744073709551615 0 0 0 0 0 0 0 2147483647 0 1 0 0 17 0 0 0 0 0 0 0 0 0 0 0 0 0 0
2229 (systemd-userwor) S 1844 1844 1844 0 -1 4194560 457 0 8 0 0 0 0 0 20 0 1 0 788342 17072128 1873 18446744073709551615 94587144192000 94587144202785 140725287084112 0 0 0 0 0 0 1 0 0 17 0 0 0 0 0 0 94587144210768 94587144212488 94587935784960 139991849865216 139991849865245 140725287091807 140725287092182 0
2230 (systemd-userwor) S 1844 1844 1844 0 -1 4194560 458 0 12 0 0 0 0 0 20 0 1 0 788342 17252352 1869 18446744073709551615 93984735133696 93984735144481 140734857623152 0 0 0 0 0 0 1 0 0 17 1 0 0 0 0 0 93984735152464 93984735154184 93985284857856 140170198544384 140170198544413 140734857629279 140734857629654 0
2231 (systemd-userwor) S 1844 1844 1844 0 -1 4194560 459 0 0 0 0 0 0 0 20 0 1 0 789430 17072128 1874 18446744073709551615 94791124557824 94791124568609 140723495951856 0 0 0 0 0 0 1 0 0 17 1 0 0 0 0 0 94791124576592 94791124578312 94792086171648 140549895208960 140549895208989 140723495956063 140723495956438 0
2238 (kworker/0:1-cgroup_destroy) I 2 0 0 0 -1 69238880 0 0 0 0 0 0 0 0 20 0 1 0 797558 0 0 18446744073709551615 0 0 0 0 0 0 0 2147483647 0 1 0 0 17 0 0 0 0 0 0 0 0 0 0 0 0 0 0
2243 (sshd) S 1516 2243 2243 0 -1 4194560 958 467 0 0 2 0 3 0 20 0 1 0 806177 16101376 2539 18446744073709551615 94356654116864 94356654703261 140724788222912 0 0 0 0 16781312 16387 1 0 0 17 1 0 0 0 0 0 94356655013072 94356655027824 94357168484352 140724788223762 140724788223783 140724788223783 140724788223977 0
2247 (systemd) S 1 2247 2247 0 -1 4194560 1920 2686 0 1 3 3 2 3 20 0 1 0 806230 21979136 3358 18446744073709551615 94286373326848 94286373370293 140725329884768 0 0 0 671173123 4096 0 1 0 0 17 0 0 0 0 0 0 94286373396528 94286373400592 94287268573184 140725329890971 140725329891003 140725329891003 140725329891295 0
2249 ((sd-pam)) S 2247 2247 2247 0 -1 4194624 60 0 0 0 0 0 0 0 20 0 1 0 806234 176852992 1418 18446744073709551615 93988456054784 93988456098229 140723844777216 0 0 0 0 4096 0 1 0 0 17 0 0 0 0 0 0 93988456124464 93988456128528 93988849192960 140604760244224 140604760244233 140723844779921 140723844779999 0
2256 (sshd) S 2243 2243 2243 0 -1 4194624 225 0 0 0 0 0 0 0 20 0 1 0 806242 16101376 1553 18446744073709551615 94356654116864 94356654703261 140724788222912 0 0 0 0 4096 65536 1 0 0 17 0 0 0 0 0 0 94356655013072 94356655027824 94357168484352 140724788223762 140724788223783 140724788223783 140724788223977 0
2257 (kworker/u4:3-flush-259:0) I 2 0 0 0 -1 69238880 0 0 0 0 0 0 0 0 20 0 1 0 806245 0 0 18446744073709551615 0 0 0 0 0 0 0 2147483647 0 1 0 0 17 1 0 0 0 0 0 0 0 0 0 0 0 0 0
2258 (bash) S 2256 2258 2258 34816 2280 4194304 841 3128 0 1 0 0 2 1 20 0 1 0 806256 228548608 1034 18446744073709551615 94312313851904 94312314784729 140733096582032 0 0 0 65536 3686404 1266761467 1 0 0 17 1 0 0 0 0 0 94312315030320 94312315078576 94312714481664 140733096582658 140733096582664 140733096582664 140733096583150 0
2262 (systemd-hostnam) S 1 2262 2262 0 -1 4194560 1301 0 0 0 3 1 0 0 20 0 1 0 806257 18505728 2117 18446744073709551615 94122480455680 94122480475001 140734472854640 0 0 0 16386 4096 0 1 0 0 17 1 0 0 0 0 0 94122480489232 94122480492568 94123414970368 140734472859410 140734472859445 140734472859445 140734472859605 0
2280 (sudo) S 2258 2280 2258 34816 2280 4194560 698 105 0 0 1 0 1 0 20 0 1 0 808745 240115712 1984 18446744073709551615 94806748053504 94806748193001 140720555375264 0 0 0 0 3149824 134965767 1 0 0 17 0 0 0 0 0 0 94806748247592 94806748255248 94807146614784 140720555382319 140720555382350 140720555382350 140720555384810 0
2282 (sudo) S 2280 2282 2282 34817 2283 4194368 69 0 0 0 0 0 0 0 20 0 1 0 808749 240115712 620 18446744073709551615 94806748053504 94806748193001 140720555375264 0 0 0 0 3149824 616967 1 0 0 17 1 0 0 0 0 0 94806748247592 94806748255248 94807146614784 140720555382319 140720555382350 140720555382350 140720555384810 0
2283 (bash) S 2282 2283 2282 34817 2283 4194560 4413 30703 0 49 0 3 39 8 20 0 1 0 808749 228954112 1002 18446744073709551615 94718056902656 94718057835481 140722634227680 0 0 0 65536 4 65538 1 0 0 17 0 0 0 0 0 0 94718058081072 94718058129328 94718137229312 140722634229870 140722634229896 140722634229896 140722634231786 0
23 (kworker/1:0H-events_highpri) I 2 0 0 0 -1 69238880 0 0 0 0 0 0 0 0 0 -20 1 0 6 0 0 18446744073709551615 0 0 0 0 0 0 0 2147483647 0 1 0 0 17 1 0 0 0 0 0 0 0 0 0 0 0 0 0
2425 (kworker/1:0) I 2 0 0 0 -1 69238880 0 0 0 0 0 0 0 0 20 0 1 0 808810 0 0 18446744073709551615 0 0 0 0 0 0 0 2147483647 0 1 0 0 17 1 0 0 0 0 0 0 0 0 0 0 0 0 0
2435 ((udev-worker)) S 1292 1292 1292 0 -1 4194624 209 0 0 0 0 0 0 0 20 0 1 0 808811 32788480 1503 18446744073709551615 94189827104768 94189827373145 140729558541632 0 0 0 81923 4096 0 1 0 0 17 0 0 0 0 0 0 94189827484720 94189827612856 94189917024256 139841037873152 139841037873166 140729558548146 140729558548441 0
26 (kdevtmpfs) S 2 0 0 0 -1 2130240 0 0 0 0 0 0 0 0 20 0 1 0 6 0 0 18446744073709551615 0 0 0 0 0 0 0 2147483647 0 1 0 0 17 0 0 0 0 0 0 0 0 0 0 0 0 0 0
27 (inet_frag_wq) I 2 0 0 0 -1 69238880 0 0 0 0 0 0 0 0 0 -20 1 0 6 0 0 18446744073709551615 0 0 0 0 0 0 0 2147483647 0 1 0 0 17 0 0 0 0 0 0 0 0 0 0 0 0 0 0
28 (kauditd) S 2 0 0 0 -1 2097216 0 0 0 0 0 0 0 0 20 0 1 0 6 0 0 18446744073709551615 0 0 0 0 0 0 0 2147483647 0 1 0 0 17 0 0 0 0 0 0 0 0 0 0 0 0 0 0
29 (khungtaskd) S 2 0 0 0 -1 2129984 0 0 0 0 0 0 0 0 20 0 1 0 6 0 0 18446744073709551615 0 0 0 0 0 0 0 2147483647 0 1 0 0 17 0 0 0 0 0 0 0 0 0 0 0 0 0 0
3 (rcu_gp) I 2 0 0 0 -1 69238880 0 0 0 0 0 0 0 0 0 -20 1 0 6 0 0 18446744073709551615 0 0 0 0 0 0 0 2147483647 0 1 0 0 17 0 0 0 0 0 0 0 0 0 0 0 0 0 0
30 (oom_reaper) S 2 0 0 0 -1 2097216 0 0 0 0 0 0 0 0 20 0 1 0 6 0 0 18446744073709551615 0 0 0 0 0 0 0 2147483647 0 1 0 0 17 1 0 0 0 0 0 0 0 0 0 0 0 0 0
305 (kworker/0:1H-xfs-log/nvme0n1p1) I 2 0 0 0 -1 69238880 0 0 0 0 3 0 0 0 0 -20 1 0 47 0 0 18446744073709551615 0 0 0 0 0 0 0 2147483647 0 1 0 0 17 0 0 0 0 0 0 0 0 0 0 0 0 0 0
32 (writeback) I 2 0 0 0 -1 69238880 0 0 0 0 0 0 0 0 0 -20 1 0 6 0 0 18446744073709551615 0 0 0 0 0 0 0 2147483647 0 1 0 0 17 0 0 0 0 0 0 0 0 0 0 0 0 0 0
33 (kcompactd0) S 2 0 0 0 -1 2097216 0 0 0 0 22 0 0 0 20 0 1 0 8 0 0 18446744073709551615 0 0 0 0 0 0 0 2147483647 0 1 0 0 17 0 0 0 0 0 0 0 0 0 0 0 0 0 0
34 (khugepaged) S 2 0 0 0 -1 2097216 0 0 0 0 0 0 0 0 39 19 1 0 8 0 0 18446744073709551615 0 0 0 0 0 0 0 2147483647 0 1 0 0 17 0 0 0 0 0 0 0 0 0 0 0 0 0 0
35 (cryptd) I 2 0 0 0 -1 69238880 0 0 0 0 0 0 0 0 0 -20 1 0 8 0 0 18446744073709551615 0 0 0 0 0 0 0 2147483647 0 1 0 0 17 0 0 0 0 0 0 0 0 0 0 0 0 0 0
36 (kintegrityd) I 2 0 0 0 -1 69238880 0 0 0 0 0 0 0 0 0 -20 1 0 8 0 0 18446744073709551615 0 0 0 0 0 0 0 2147483647 0 1 0 0 17 0 0 0 0 0 0 0 0 0 0 0 0 0 0
37 (kblockd) I 2 0 0 0 -1 69238880 0 0 0 0 0 0 0 0 0 -20 1 0 8 0 0 18446744073709551615 0 0 0 0 0 0 0 2147483647 0 1 0 0 17 0 0 0 0 0 0 0 0 0 0 0 0 0 0
38 (blkcg_punt_bio) I 2 0 0 0 -1 69238880 0 0 0 0 0 0 0 0 0 -20 1 0 8 0 0 18446744073709551615 0 0 0 0 0 0 0 2147483647 0 1 0 0 17 0 0 0 0 0 0 0 0 0 0 0 0 0 0
4 (rcu_par_gp) I 2 0 0 0 -1 69238880 0 0 0 0 0 0 0 0 0 -20 1 0 6 0 0 18446744073709551615 0 0 0 0 0 0 0 2147483647 0 1 0 0 17 0 0 0 0 0 0 0 0 0 0 0 0 0 0
40 (tpm_dev_wq) I 2 0 0 0 -1 69238880 0 0 0 0 0 0 0 0 0 -20 1 0 11 0 0 18446744073709551615 0 0 0 0 0 0 0 2147483647 0 1 0 0 17 1 0 0 0 0 0 0 0 0 0 0 0 0 0
41 (md) I 2 0 0 0 -1 69238880 0 0 0 0 0 0 0 0 0 -20 1 0 11 0 0 18446744073709551615 0 0 0 0 0 0 0 2147483647 0 1 0 0 17 0 0 0 0 0 0 0 0 0 0 0 0 0 0
42 (edac-poller) I 2 0 0 0 -1 69238880 0 0 0 0 0 0 0 0 0 -20 1 0 11 0 0 18446744073709551615 0 0 0 0 0 0 0 2147483647 0 1 0 0 17 1 0 0 0 0 0 0 0 0 0 0 0 0 0
43 (watchdogd) S 2 0 0 0 -1 2129984 0 0 0 0 0 0 0 0 -51 0 1 0 11 0 0 18446744073709551615 0 0 0 0 0 0 0 2147483647 0 1 0 0 17 0 50 1 0 0 0 0 0 0 0 0 0 0 0
44 (kworker/1:1H-kblockd) I 2 0 0 0 -1 69238880 0 0 0 0 2 0 0 0 0 -20 1 0 14 0 0 18446744073709551615 0 0 0 0 0 0 0 2147483647 0 1 0 0 17 1 0 0 0 0 0 0 0 0 0 0 0 0 0
5 (slub_flushwq) I 2 0 0 0 -1 69238880 0 0 0 0 0 0 0 0 0 -20 1 0 6 0 0 18446744073709551615 0 0 0 0 0 0 0 2147483647 0 1 0 0 17 0 0 0 0 0 0 0 0 0 0 0 0 0 0
51 (kswapd0) S 2 0 0 0 -1 2230336 0 0 0 0 0 0 0 0 20 0 1 0 14 0 0 18446744073709551615 0 0 0 0 0 0 0 2147483647 0 1 0 0 17 0 0 0 0 0 0 0 0 0 0 0 0 0 0
6 (netns) I 2 0 0 0 -1 69238880 0 0 0 0 0 0 0 0 0 -20 1 0 6 0 0 18446744073709551615 0 0 0 0 0 0 0 2147483647 0 1 0 0 17 0 0 0 0 0 0 0 0 0 0 0 0 0 0
70 (xfsalloc) I 2 0 0 0 -1 69238880 0 0 0 0 0 0 0 0 0 -20 1 0 14 0 0 18446744073709551615 0 0 0 0 0 0 0 2147483647 0 1 0 0 17 0 0 0 0 0 0 0 0 0 0 0 0 0 0
72 (xfs_mru_cache) I 2 0 0 0 -1 69238880 0 0 0 0 0 0 0 0 0 -20 1 0 14 0 0 18446744073709551615 0 0 0 0 0 0 0 2147483647 0 1 0 0 17 0 0 0 0 0 0 0 0 0 0 0 0 0 0
75 (kthrotld) I 2 0 0 0 -1 69238880 0 0 0 0 0 0 0 0 0 -20 1 0 16 0 0 18446744073709551615 0 0 0 0 0 0 0 2147483647 0 1 0 0 17 0 0 0 0 0 0 0 0 0 0 0 0 0 0
8 (kworker/0:0H-events_highpri) I 2 0 0 0 -1 69238880 0 0 0 0 0 0 0 0 0 -20 1 0 6 0 0 18446744073709551615 0 0 0 0 0 0 0 2147483647 0 1 0 0 17 0 0 0 0 0 0 0 0 0 0 0 0 0 0
803 (xfs-buf/nvme0n1) I 2 0 0 0 -1 69238880 0 0 0 0 0 0 0 0 0 -20 1 0 161 0 0 18446744073709551615 0 0 0 0 0 0 0 2147483647 0 1 0 0 17 1 0 0 0 0 0 0 0 0 0 0 0 0 0
804 (xfs-conv/nvme0n) I 2 0 0 0 -1 69238880 0 0 0 0 0 0 0 0 0 -20 1 0 162 0 0 18446744073709551615 0 0 0 0 0 0 0 2147483647 0 1 0 0 17 0 0 0 0 0 0 0 0 0 0 0 0 0 0
805 (xfs-reclaim/nvm) I 2 0 0 0 -1 69238880 0 0 0 0 0 0 0 0 0 -20 1 0 163 0 0 18446744073709551615 0 0 0 0 0 0 0 2147483647 0 1 0 0 17 1 0 0 0 0 0 0 0 0 0 0 0 0 0
806 (xfs-blockgc/nvm) I 2 0 0 0 -1 69238880 0 0 0 0 0 0 0 0 0 -20 1 0 164 0 0 18446744073709551615 0 0 0 0 0 0 0 2147483647 0 1 0 0 17 0 0 0 0 0 0 0 0 0 0 0 0 0 0
807 (xfs-inodegc/nvm) I 2 0 0 0 -1 69238880 0 0 0 0 0 0 0 0 0 -20 1 0 165 0 0 18446744073709551615 0 0 0 0 0 0 0 2147483647 0 1 0 0 17 1 0 0 0 0 0 0 0 0 0 0 0 0 0
808 (xfs-log/nvme0n1) I 2 0 0 0 -1 69238880 0 0 0 0 0 0 0 0 0 -20 1 0 166 0 0 18446744073709551615 0 0 0 0 0 0 0 2147483647 0 1 0 0 17 1 0 0 0 0 0 0 0 0 0 0 0 0 0
809 (xfs-cil/nvme0n1) I 2 0 0 0 -1 69238880 0 0 0 0 0 0 0 0 0 -20 1 0 167 0 0 18446744073709551615 0 0 0 0 0 0 0 2147483647 0 1 0 0 17 0 0 0 0 0 0 0 0 0 0 0 0 0 0
810 (xfsaild/nvme0n1p1) S 2 0 0 0 -1 2099264 0 0 0 0 190 0 0 0 20 0 1 0 168 0 0 18446744073709551615 0 0 0 0 0 0 0 2147483647 0 1 0 0 17 0 0 0 0 0 0 0 0 0 0 0 0 0 0
857 (systemd-journal) S 1 857 857 0 -1 4194560 44662 0 194 0 314 216 0 0 20 0 1 0 360 81117184 9246 18446744073709551615 94121060888576 94121060994357 140730178170144 0 0 0 18946 4096 64 1 0 0 17 0 0 0 0 0 0 94121061038608 94121061044340 94121432354816 140730178174538 140730178174572 140730178174572 140730178174934 0
